~Version ---------------------------------------------------
VERS. 2.0 : CWLS log ASCII Standard -VERSION 2.0
WRAP.  NO : 
~Well ------------------------------------------------------
STRT.m                                                    743.1 : 
STOP.m                                                    842.0 : 
STEP.m                                                      0.1 : 
NULL.                                                   -999.25 : 
COMP.                                                           : COMPANY
WELL.                                          100120603903W400 : WELL
FLD .                                                           : FIELD
LOC .                                                           : LOCATION
SRVC.                                                           : SERVICE COMPANY
DATE. 2023-06-01 13:43:19   : Log Export Date {yyyy-MM-dd HH:mm : ss}
PROV.                                                           : PROVINCE
UWI .                                                           : UNIQUE WELL ID
API .                                                           : API NUMBER
~Curve Information -----------------------------------------
DEPTH.m      : DEPTH
AC   .us/m   : AC
GR   .gAPI   : GR
PE   .b/e    : PEF
DEN  .g/cm3  : DEN
NPHI .m3/m3  : NPHI
~Params ----------------------------------------------------
~Other -----------------------------------------------------
~ASCII -----------------------------------------------------
  743.10000  289.07999   51.72000    3.83000    2.70606    0.23290
  743.20000  289.31000   50.21000    4.10000    2.72477    0.24370
  743.30000  291.37000   52.48000    4.33000    2.73018    0.25940
  743.40000  301.03000   58.91000    4.42000    2.70698    0.28350
  743.50000  320.23001   66.69000    4.21000    2.65011    0.31570
  743.60000  340.33002   73.08000    3.71000    2.57991    0.34220
  743.70000  355.51001   78.34000    3.20000    2.50837    0.35040
  743.80000  364.19000   83.65000    2.84000    2.44928    0.34730
  743.90000  364.84000   88.66000    2.64000    2.40370    0.34650
  744.00000  361.76001   91.09000    2.55000    2.35443    0.35520
  744.10000  360.39999   90.05000    2.53000    2.29661    0.37130
  744.20000  359.13998   87.30000    2.49000    2.22908    0.38970
  744.30000  357.57999   85.24000    2.41000    2.17319    0.40840
  744.40000  355.36002   84.74000    2.29000    2.13679    0.42450
  744.50000  350.51999   84.94000    2.17000    2.13082    0.43090
  744.60000  341.73999   85.11000    2.08000    2.15514    0.42080
  744.70000  328.19998   85.13000    2.03000    2.19739    0.39260
  744.80000  311.10001   85.04000    2.04000    2.25283    0.36080
  744.90000  296.64999   84.49000    2.09000    2.30172    0.34120
  745.00000  290.38998   83.15000    2.14000    2.33144    0.33480
  745.10000  291.63998   80.92000    2.19000    2.34406    0.33490
  745.20000  296.06000   77.91000    2.21000    2.34095    0.33850
  745.30000  300.42001   74.38000    2.22000    2.33301    0.34310
  745.40000  302.35001   71.70000    2.22000    2.31830    0.34360
  745.50000  302.91000   70.31000    2.23000    2.30428    0.33990
  745.60000  304.31000   69.87000    2.25000    2.29361    0.33720
  745.70000  305.98001   70.09000    2.28000    2.28550    0.33860
  745.80000  306.98999   70.62000    2.34000    2.27972    0.34310
  745.90000  306.73001   70.75000    2.41000    2.27622    0.34890
  746.00000  304.74002   71.06000    2.47000    2.27370    0.35350
  746.10000  303.37997   72.21000    2.51000    2.27499    0.35660
  746.20000  303.25000   73.49000    2.52000    2.28075    0.35810
  746.30000  302.95999   73.36000    2.51000    2.29108    0.35580
  746.40000  300.75000   71.47000    2.50000    2.30393    0.35060
  746.50000  295.75000   68.58000    2.51000    2.31474    0.34570
  746.60000  290.95001   66.44000    2.52000    2.32381    0.33940
  746.70000  287.76999   66.37000    2.54000    2.33056    0.33120
  746.80000  285.50000   67.96000    2.54000    2.33651    0.32670
  746.90000  285.01001   69.52000    2.55000    2.34060    0.32910
  747.00000  286.23001   70.07000    2.59000    2.33982    0.33680
  747.10000  286.35001   70.25000    2.61000    2.33895    0.34550
  747.20000  283.28000   70.18000    2.63000    2.34206    0.34920
  747.30000  276.01999   69.21000    2.62000    2.35657    0.34300
  747.40000  264.97998   67.13000    2.61000    2.38373    0.32780
  747.50000  254.44000   65.18000    2.66000    2.41303    0.31040
  747.60000  251.24001   64.43000    2.73000    2.43524    0.30030
  747.70000  257.13998   64.80000    2.81000    2.43965    0.30250
  747.80000  268.88998   65.96000    2.84000    2.42905    0.31220
  747.90000  282.61002   68.52000    2.80000    2.41019    0.32180
  748.00000  295.28000   72.53000    2.72000    2.38960    0.33000
  748.10000  304.61002   77.20000    2.60000    2.37663    0.33930
  748.20000  309.38998   81.28000    2.49000    2.37210    0.34870
  748.30000  307.60001   83.12000    2.42000    2.38007    0.35390
  748.40000  303.44000   81.91000    2.42000    2.39536    0.35310
  748.50000  302.38000   78.75000    2.47000    2.41431    0.35000
  748.60000  303.52002   75.86000    2.59000    2.43520    0.34860
  748.70000  302.85001   74.58000    2.74000    2.45087    0.35070
  748.80000  298.94000   74.97000    2.91000    2.46249    0.35540
  748.90000  295.25000   76.33000    3.02000    2.46966    0.35850
  749.00000  293.19000   77.25000    3.06000    2.47627    0.35510
  749.10000  288.39001   75.98000    3.09000    2.48916    0.34950
  749.20000  282.59000   71.46000    3.12000    2.50883    0.35460
  749.30000  285.91998   64.61000    3.12000    2.51619    0.37750
  749.40000  298.98001   57.90000    3.10000    2.48989    0.41240
  749.50000  312.00000   53.45000    2.99000    2.37883    0.44740
  749.60000  320.19000   51.93000    2.60000    2.22439    0.47450
  749.70000  327.99002   53.44000    2.19000    2.10299    0.48550
  749.80000  341.64001   57.87000    1.86000    2.02826    0.46810
  749.90000  352.58002   64.08000    1.65000    2.02456    0.42640
  750.00000  348.75000   70.30000    1.61000    2.06859    0.38680
  750.10000  335.39999   74.71000    1.67000    2.12435    0.36420
  750.20000  325.14999   76.81000    1.83000    2.18483    0.35660
  750.30000  320.34003   78.24000    2.00000    2.22501    0.35780
  750.40000  315.23999   81.45000    2.10000    2.25564    0.36180
  750.50000  309.72000   86.19000    2.18000    2.27878    0.36170
  750.60000  307.65002   90.68000    2.22000    2.29345    0.35680
  750.70000  306.59000   93.97000    2.23000    2.30836    0.35280
  750.80000  303.17999   96.67000    2.27000    2.32566    0.35330
  750.90000  300.31000   98.67000    2.31000    2.34442    0.35730
  751.00000  301.44000   99.59000    2.37000    2.36367    0.36070
  751.10000  303.97000   98.72000    2.41000    2.37904    0.35910
  751.20000  303.26999   96.35000    2.43000    2.39013    0.35410
  751.30000  298.56000   93.27000    2.43000    2.39507    0.35310
  751.40000  293.88000   90.02000    2.44000    2.39513    0.35870
  751.50000  290.12000   86.33000    2.46000    2.39004    0.36480
  751.60000  285.89001   82.49000    2.50000    2.38461    0.36560
  751.70000  285.39001   79.21000    2.56000    2.38397    0.36380
  751.80000  288.17001   76.12000    2.62000    2.39193    0.36670
  751.90000  288.10999   71.64000    2.71000    2.42137    0.37680
  752.00000  282.76001   65.33000    2.81000    2.47927    0.39040
  752.10000  274.73001   58.46000    2.94000    2.56551    0.40220
  752.20000  271.51001   52.83000    3.15000    2.67284    0.40820
  752.30000  273.25000   49.72000    3.55000    2.78077    0.40480
  752.40000  271.82001   49.77000    4.20000    2.84133    0.39210
  752.50000  264.42001   52.87000    4.75000    2.81540    0.37350
  752.60000  253.62999   57.78000    4.65000    2.74306    0.34980
  752.70000  243.96001   62.22000    4.17000    2.67458    0.31930
  752.80000  234.27000   64.43000    3.68000    2.62210    0.28610
  752.90000  218.73000   64.51000    3.37000    2.60407    0.25530
  753.00000  200.72000   63.35000    3.26000    2.61093    0.23040
  753.10000  190.38000   61.98000    3.23000    2.62872    0.21350
  753.20000  188.88000   61.36000    3.28000    2.64573    0.20440
  753.30000  188.74001   62.01000    3.33000    2.65207    0.19910
  753.40000  188.48000   63.05000    3.39000    2.65484    0.19600
  753.50000  188.13000   63.24000    3.45000    2.65411    0.19710
  753.60000  187.72000   61.90000    3.44000    2.65126    0.20480
  753.70000  191.42999   60.09000    3.43000    2.64009    0.21940
  753.80000  201.53999   59.04000    3.41000    2.61122    0.24070
  753.90000  215.12000   59.37000    3.39000    2.56119    0.26730
  754.00000  226.04001   60.41000    3.30000    2.50287    0.29660
  754.10000  234.27000   61.64000    3.15000    2.45689    0.31830
  754.20000  242.88000   62.88000    3.00000    2.43421    0.32400
  754.30000  249.99001   64.14000    2.90000    2.43520    0.32000
  754.40000  253.52000   64.63000    2.90000    2.44468    0.31840
  754.50000  255.63000   64.05000    2.98000    2.44713    0.32430
  754.60000  259.75000   62.96000    3.04000    2.43257    0.33440
  754.70000  269.10999   62.81000    3.04000    2.40398    0.34430
  754.80000  282.01001   63.99000    2.97000    2.37325    0.35400
  754.90000  295.17001   65.37000    2.86000    2.34480    0.36420
  755.00000  305.76001   65.90000    2.76000    2.32361    0.37170
  755.10000  309.31000   65.66000    2.67000    2.31040    0.37370
  755.20000  307.84998   65.55000    2.57000    2.30584    0.36970
  755.30000  309.43997   66.54000    2.49000    2.30874    0.36060
  755.40000  314.70999   69.27000    2.42000    2.31893    0.35010
  755.50000  316.74002   73.86000    2.36000    2.33473    0.34430
  755.60000  313.34000   79.43000    2.33000    2.35023    0.34610
  755.70000  310.05002   84.37000    2.30000    2.35487    0.35480
  755.80000  312.29999   87.47000    2.25000    2.33215    0.36980
  755.90000  321.87000   87.17000    2.05000    2.25962    0.39290
  756.00000  338.74002   81.58000    1.82000    2.13117    0.42700
  756.10000  360.22000   69.87000    1.51000    1.94658    0.47310
  756.20000  383.87997   55.02000    1.25000    1.75885    0.52740
  756.30000  406.50000   42.12000    1.07000    1.60680    0.57660
  756.40000  422.98001   34.57000    0.94000    1.49976    0.59920
  756.50000  429.56000   32.49000    0.88000    1.44994    0.58850
  756.60000  424.65997   35.10000    0.85000    1.44969    0.55670
  756.70000  411.89999   41.62000    0.85000    1.50545    0.51400
  756.80000  396.78000   51.37000    0.87000    1.61973    0.46460
  756.90000  381.19998   61.55000    0.93000    1.77170    0.41840
  757.00000  365.47998   68.99000    1.09000    1.94422    0.38330
  757.10000  349.59000   72.23000    1.36000    2.09001    0.36060
  757.20000  336.36002   72.60000    1.68000    2.18477    0.34920
  757.30000  327.06000   71.58000    1.97000    2.23987    0.34730
  757.40000  319.14001   70.07000    2.11000    2.26081    0.34950
  757.50000  312.29999   68.81000    2.16000    2.26977    0.34900
  757.60000  309.66000   68.92000    2.16000    2.27228    0.34360
  757.70000  310.35001   70.03000    2.15000    2.27369    0.33600
  757.80000  311.14001   71.10000    2.17000    2.27768    0.33090
  757.90000  310.37000   71.65000    2.19000    2.28321    0.33130
  758.00000  307.00000   72.61000    2.20000    2.29175    0.33540
  758.10000  302.11002   74.28000    2.22000    2.30366    0.33830
  758.20000  297.45999   75.91000    2.24000    2.31802    0.33870
  758.30000  294.73001   77.34000    2.27000    2.33180    0.34060
  758.40000  293.81000   78.95000    2.29000    2.34277    0.34470
  758.50000  294.19000   80.27000    2.30000    2.35011    0.34640
  758.60000  295.51999   80.32000    2.29000    2.35403    0.34450
  758.70000  299.03000   78.98000    2.29000    2.35659    0.34400
  758.80000  302.19000   76.95000    2.31000    2.35656    0.34640
  758.90000  303.23999   75.07000    2.35000    2.35461    0.34840
  759.00000  305.25000   73.91000    2.39000    2.35207    0.34700
  759.10000  308.79001   74.05000    2.40000    2.34887    0.34200
  759.20000  309.96002   75.45000    2.37000    2.34694    0.33660
  759.30000  309.06000   77.40000    2.32000    2.34723    0.33580
  759.40000  308.22000   78.38000    2.28000    2.34807    0.34020
  759.50000  307.77002   77.86000    2.25000    2.35184    0.34660
  759.60000  305.91998   77.14000    2.24000    2.35563    0.35110
  759.70000  303.48999   78.62000    2.26000    2.36113    0.35040
  759.80000  301.07999   82.13000    2.27000    2.36832    0.34300
  759.90000  295.79001   85.06000    2.30000    2.37380    0.33470
  760.00000  290.33002   86.04000    2.32000    2.37636    0.33360
  760.10000  291.44000   86.26000    2.34000    2.37411    0.34000
  760.20000  299.23001   86.80000    2.35000    2.37187    0.34650
  760.30000  310.38998   86.79000    2.37000    2.37395    0.34620
  760.40000  321.59000   84.90000    2.38000    2.38412    0.33940
  760.50000  325.48999   81.50000    2.37000    2.40616    0.33100
  760.60000  318.38998   77.26000    2.39000    2.44423    0.32310
  760.70000  304.63000   73.27000    2.43000    2.50278    0.31550
  760.80000  291.15997   71.42000    2.58000    2.56745    0.31270
  760.90000  280.94998   72.53000    2.87000    2.59302    0.32100
  761.00000  277.07001   74.37000    3.05000    2.52692    0.34320
  761.10000  288.45001   74.04000    2.82000    2.38059    0.37720
  761.20000  315.92999   70.88000    2.48000    2.21638    0.41710
  761.30000  345.20001   66.90000    2.08000    2.06100    0.45440
  761.40000  367.22000   64.70000    1.81000    1.93661    0.48500
  761.50000  380.37000   66.32000    1.59000    1.85278    0.51080
  761.60000  388.81998   71.26000    1.45000    1.82137    0.52510
  761.70000  393.58002   77.35000    1.40000    1.84138    0.51930
  761.80000  392.45999   82.30000    1.41000    1.89143    0.49970
  761.90000  389.23001   84.72000    1.49000    1.95110    0.48420
  762.00000  386.55002   83.50000    1.61000    1.98694    0.48440
  762.10000  385.14001   78.73000    1.68000    1.98772    0.49650
  762.20000  387.14999   71.73000    1.72000    1.94069    0.50750
  762.30000  390.91000   64.98000    1.64000    1.86064    0.50910
  762.40000  390.48001   61.51000    1.51000    1.79145    0.49940
  762.50000  384.88000   63.75000    1.38000    1.76848    0.47640
  762.60000  375.45001   71.44000    1.29000    1.81339    0.43820
  762.70000  360.45001   80.86000    1.29000    1.91426    0.39750
  762.80000  341.45001   88.22000    1.40000    2.05029    0.37220
  762.90000  325.95999   91.52000    1.61000    2.17986    0.36110
  763.00000  315.91000   91.17000    1.87000    2.27069    0.35880
  763.10000  309.46002   89.41000    2.05000    2.31567    0.36330
  763.20000  308.07999   88.81000    2.12000    2.31031    0.37680
  763.30000  313.41000   89.23000    2.10000    2.27145    0.40160
  763.40000  324.41998   88.41000    1.98000    2.18896    0.43650
  763.50000  337.17001   85.21000    1.86000    2.08703    0.47520
  763.60000  349.07001   81.91000    1.75000    1.99252    0.51510
  763.70000  360.94000   81.19000    1.66000    1.92017    0.54750
  763.80000  373.64001   83.44000    1.60000    1.88919    0.56460
  763.90000  385.79999   85.26000    1.59000    1.89388    0.56270
  764.00000  393.73999   83.52000    1.63000    1.90662    0.55050
  764.10000  397.36002   78.24000    1.69000    1.91159    0.53320
  764.20000  395.55002   72.65000    1.72000    1.89798    0.51860
  764.30000  385.34003   69.41000    1.69000    1.88400    0.50580
  764.40000  367.85001   68.89000    1.60000    1.89315    0.47740
  764.50000  348.70999   69.63000    1.53000    1.93483    0.43260
  764.60000  334.35001   70.51000    1.57000    2.01196    0.39420
  764.70000  324.25000   71.49000    1.69000    2.09182    0.37480
  764.80000  318.10999   72.90000    1.86000    2.15093    0.36930
  764.90000  319.54999   74.20000    2.01000    2.19136    0.36900
  765.00000  326.31000   75.06000    2.12000    2.21399    0.36880
  765.10000  330.16000   76.15000    2.22000    2.22855    0.36650
  765.20000  328.14001   78.39000    2.28000    2.24267    0.36390
  765.30000  323.89001   81.75000    2.33000    2.26926    0.36320
  765.40000  316.69000   83.73000    2.37000    2.31587    0.36140
  765.50000  303.92999   81.46000    2.41000    2.38572    0.35590
  765.60000  289.76999   75.36000    2.48000    2.47707    0.34790
  765.70000  281.17999   70.03000    2.62000    2.58874    0.34280
  765.80000  278.46002   69.70000    2.92000    2.69801    0.34750
  765.90000  279.98999   73.86000    3.34000    2.74494    0.36070
  766.00000  285.66000   78.77000    3.57000    2.70677    0.36990
  766.10000  293.79001   81.39000    3.43000    2.62285    0.36760
  766.20000  297.26001   80.98000    3.16000    2.54902    0.35760
  766.30000  290.01999   78.33000    2.96000    2.51228    0.34420
  766.40000  274.16000   74.89000    2.84000    2.51046    0.32720
  766.50000  260.13000   71.86000    2.86000    2.53529    0.30700
  766.60000  252.45000   69.93000    3.00000    2.57141    0.28660
  766.70000  246.72002   68.26000    3.24000    2.60324    0.26800
  766.80000  240.45000   65.56000    3.48000    2.62597    0.25200
  766.90000  234.84999   61.12000    3.65000    2.64179    0.23690
  767.00000  228.02000   56.31000    3.80000    2.65387    0.22240
  767.10000  216.76001   53.97000    3.89000    2.66566    0.21180
  767.20000  206.00000   55.75000    3.97000    2.67076    0.20840
  767.30000  203.44000   60.35000    3.97000    2.66850    0.21430
  767.40000  211.74001   65.30000    3.92000    2.65692    0.22950
  767.50000  226.11000   70.20000    3.84000    2.63361    0.25250
  767.60000  242.53000   75.65000    3.74000    2.60405    0.28170
  767.70000  257.25000   81.24000    3.57000    2.56409    0.31780
  767.80000  267.41000   85.40000    3.30000    2.52133    0.35520
  767.90000  277.31000   87.80000    2.98000    2.48355    0.37930
  768.00000  286.63998   88.93000    2.70000    2.45749    0.38110
  768.10000  293.04001   89.34000    2.55000    2.43717    0.37270
  768.20000  298.94000   88.99000    2.50000    2.40966    0.37120
  768.30000  305.39001   87.27000    2.42000    2.34390    0.38480
  768.40000  316.53000   83.24000    2.31000    2.22807    0.41270
  768.50000  336.51001   77.41000    2.17000    2.09204    0.44700
  768.60000  357.59000   71.81000    2.06000    1.97173    0.47470
  768.70000  369.82999   69.21000    1.98000    1.90387    0.48170
  768.80000  370.22000   70.50000    1.92000    1.88919    0.46690
  768.90000  360.81000   74.57000    1.88000    1.92678    0.44300
  769.00000  344.95999   78.90000    1.88000    2.01106    0.41570
  769.10000  324.60001   80.97000    1.94000    2.11212    0.38270
  769.20000  303.88000   79.67000    2.05000    2.21540    0.35010
  769.30000  287.01001   76.06000    2.18000    2.30515    0.32310
  769.40000  271.88000   71.76000    2.33000    2.38161    0.29640
  769.50000  255.01999   67.85000    2.49000    2.45402    0.26480
  769.60000  236.77000   63.97000    2.66000    2.51954    0.23170
  769.70000  219.87000   59.89000    2.89000    2.57719    0.20420
  769.80000  208.89000   56.42000    3.17000    2.62154    0.18770
  769.90000  203.33000   55.16000    3.46000    2.65038    0.18180
  770.00000  200.38000   56.49000    3.66000    2.66100    0.18340
  770.10000  199.16000   59.30000    3.76000    2.66020    0.18930
  770.20000  199.16000   62.03000    3.74000    2.65336    0.19630
  770.30000  200.69000   63.78000    3.67000    2.64744    0.20250
  770.40000  203.40001   64.63000    3.55000    2.64254    0.20930
  770.50000  205.57001   65.38000    3.45000    2.63481    0.22170
  770.60000  210.04001   67.00000    3.37000    2.61694    0.24230
  770.70000  219.36000   69.87000    3.32000    2.58628    0.26710
  770.80000  234.69000   73.47000    3.32000    2.53997    0.29400
  770.90000  252.78001   77.05000    3.30000    2.48713    0.32190
  771.00000  268.32001   80.61000    3.22000    2.43887    0.34700
  771.10000  281.29999   84.15000    3.07000    2.40178    0.36160
  771.20000  290.97000   86.88000    2.91000    2.38366    0.36610
  771.30000  294.39999   87.99000    2.80000    2.37788    0.36670
  771.40000  293.81998   87.79000    2.72000    2.38757    0.36780
  771.50000  293.72000   87.16000    2.67000    2.40908    0.37180
  771.60000  295.82999   85.74000    2.65000    2.44244    0.38020
  771.70000  296.94998   83.01000    2.66000    2.48118    0.38890
  771.80000  297.24002   80.50000    2.74000    2.50388    0.39050
  771.90000  298.68002   80.60000    2.84000    2.50720    0.38190
  772.00000  297.78000   83.44000    2.89000    2.49371    0.36950
  772.10000  294.56003   87.01000    2.89000    2.47999    0.36310
  772.20000  292.16000   89.09000    2.86000    2.48216    0.36310
  772.30000  291.94000   89.87000    2.87000    2.49437    0.36090
  772.40000  294.16000   90.97000    2.92000    2.50755    0.35590
  772.50000  297.01999   92.77000    2.94000    2.50318    0.35590
  772.60000  299.78000   93.62000    2.90000    2.48353    0.36160
  772.70000  303.22998   93.33000    2.83000    2.46258    0.36530
  772.80000  310.42001   93.51000    2.79000    2.44433    0.36490
  772.90000  318.19000   94.75000    2.75000    2.42763    0.36720
  773.00000  321.75998   96.34000    2.71000    2.41342    0.37620
  773.10000  325.48001   97.37000    2.67000    2.39796    0.38680
  773.20000  331.69000   97.42000    2.64000    2.38978    0.39210
  773.30000  333.95999   96.54000    2.63000    2.39719    0.39280
  773.40000  330.54001   94.91000    2.65000    2.41194    0.39450
  773.50000  323.27002   92.46000    2.69000    2.43631    0.39660
  773.60000  313.38000   89.45000    2.75000    2.45951    0.39260
  773.70000  302.97000   86.74000    2.86000    2.48193    0.38160
  773.80000  292.41000   85.29000    2.99000    2.50793    0.36930
  773.90000  285.26001   84.92000    3.13000    2.51432    0.36250
  774.00000  284.82001   84.76000    3.16000    2.50873    0.36360
  774.10000  285.54999   84.07000    3.09000    2.49387    0.36810
  774.20000  283.70999   83.05000    2.99000    2.47950    0.36990
  774.30000  280.94000   82.21000    2.89000    2.47223    0.36780
  774.40000  278.78998   81.76000    2.84000    2.46748    0.36390
  774.50000  279.22000   82.03000    2.82000    2.46817    0.35830
  774.60000  280.20999   82.91000    2.85000    2.47112    0.35370
  774.70000  281.22000   83.79000    2.91000    2.47322    0.35300
  774.80000  285.24002   84.63000    2.94000    2.47618    0.35410
  774.90000  288.79001   85.62000    2.96000    2.47618    0.35350
  775.00000  287.84000   86.22000    2.94000    2.47496    0.35410
  775.10000  285.44000   85.88000    2.93000    2.47081    0.35780
  775.20000  284.88000   85.02000    2.94000    2.46742    0.36040
  775.30000  285.03000   84.77000    2.92000    2.47097    0.35840
  775.40000  286.38000   85.25000    2.89000    2.48088    0.35410
  775.50000  290.56000   86.05000    2.87000    2.49840    0.35380
  775.60000  295.23999   87.37000    2.88000    2.51320    0.35990
  775.70000  300.03000   89.81000    2.95000    2.52290    0.36830
  775.80000  304.66998   93.03000    3.00000    2.52857    0.37360
  775.90000  306.72000   96.58000    3.00000    2.52595    0.37560
  776.00000  308.61002   99.42000    2.95000    2.52356    0.37720
  776.10000  311.41000  100.22000    2.92000    2.52502    0.38010
  776.20000  315.09000   98.92000    2.91000    2.51456    0.38660
  776.30000  319.35999   96.98000    2.91000    2.48620    0.40040
  776.40000  324.87000   94.64000    2.92000    2.42693    0.42380
  776.50000  333.09000   89.27000    2.91000    2.33034    0.45330
  776.60000  345.80002   78.64000    2.95000    2.19345    0.48460
  776.70000  361.54999   64.50000    2.99000    2.03982    0.51540
  776.80000  372.53000   51.35000    3.00000    1.91603    0.53660
  776.90000  373.89999   42.27000    2.95000    1.84595    0.53730
  777.00000  369.41000   37.25000    2.81000    1.84404    0.51980
  777.10000  359.98999   34.65000    2.65000    1.89991    0.48490
  777.20000  344.47000   33.37000    2.47000    1.98781    0.43070
  777.30000  325.48001   33.44000    2.30000    2.08211    0.37390
  777.40000  309.66000   34.87000    2.17000    2.15581    0.33360
  777.50000  301.63000   37.19000    2.08000    2.20603    0.31340
  777.60000  300.59998   39.34000    2.05000    2.23205    0.30610
  777.70000  299.87000   40.06000    2.01000    2.23544    0.30370
  777.80000  297.98001   39.24000    1.96000    2.23111    0.30230
  777.90000  297.60001   38.07000    1.91000    2.22357    0.30210
  778.00000  297.16998   37.50000    1.89000    2.21258    0.30670
  778.10000  297.07999   37.02000    1.88000    2.18890    0.31900
  778.20000  303.94000   36.12000    1.87000    2.13921    0.34030
  778.30000  318.07001   36.11000    1.84000    2.05574    0.37240
  778.40000  334.37000   38.72000    1.77000    1.94069    0.42000
  778.50000  350.78000   43.14000    1.68000    1.81916    0.48150
  778.60000  368.55002   47.17000    1.59000    1.71661    0.53810
  778.70000  387.01999   49.49000    1.52000    1.64239    0.56900
  778.80000  399.72998   50.55000    1.50000    1.59595    0.57780
  778.90000  404.50000   50.84000    1.51000    1.56927    0.57500
  779.00000  404.31998   51.58000    1.57000    1.56476    0.56000
  779.10000  400.61002   54.49000    1.65000    1.59291    0.53360
  779.20000  393.71002   60.47000    1.72000    1.66330    0.49550
  779.30000  381.69998   66.96000    1.80000    1.77626    0.45120
  779.40000  362.83002   69.78000    1.90000    1.91247    0.41360
  779.50000  339.02002   66.81000    2.03000    2.04067    0.38970
  779.60000  311.59000   60.28000    2.20000    2.13677    0.36860
  779.70000  284.55002   53.91000    2.33000    2.19938    0.33730
  779.80000  261.77002   49.90000    2.44000    2.24330    0.30110
  779.90000  243.47000   48.20000    2.50000    2.28060    0.27480
  780.00000  229.37000   48.28000    2.57000    2.31504    0.26590
  780.10000  225.89000   50.12000    2.65000    2.34623    0.27290
  780.20000  239.40001   54.53000    2.75000    2.37487    0.29080
  780.30000  260.76999   62.35000    2.82000    2.39964    0.31780
  780.40000  281.66000   73.49000    2.87000    2.42225    0.35540
  780.50000  304.16000   85.64000    2.90000    2.43863    0.39660
  780.60000  326.23999   95.62000    2.90000    2.44917    0.42470
  780.70000  338.45999  101.09000    2.89000    2.45754    0.43240
  780.80000  340.92001  102.21000    2.88000    2.46641    0.42810
  780.90000  338.45999  101.18000    2.86000    2.47198    0.41950
  781.00000  335.98001  100.41000    2.85000    2.47442    0.41180
  781.10000  335.95001  100.39000    2.83000    2.47674    0.40970
  781.20000  338.76001  100.58000    2.80000    2.47730    0.41220
  781.30000  343.12000  100.90000    2.78000    2.47725    0.41460
  781.40000  344.40997  101.44000    2.79000    2.47502    0.41440
  781.50000  342.20999  101.37000    2.81000    2.47231    0.41340
  781.60000  339.87000  100.70000    2.85000    2.46734    0.41450
  781.70000  338.95999  101.11000    2.87000    2.46133    0.41730
  781.80000  338.95999  103.85000    2.89000    2.45418    0.41630
  781.90000  339.06998  107.68000    2.88000    2.44791    0.40860
  782.00000  338.69000  110.82000    2.85000    2.44709    0.39950
  782.10000  339.71002  113.66000    2.83000    2.44522    0.39680
  782.20000  342.39999  117.97000    2.81000    2.44224    0.40120
  782.30000  344.39999  124.13000    2.80000    2.43598    0.40620
  782.40000  343.13000  129.89000    2.81000    2.42622    0.40680
  782.50000  338.31000  132.23000    2.79000    2.41331    0.40420
  782.60000  331.13000  129.23000    2.75000    2.40292    0.40190
  782.70000  324.97000  121.45000    2.67000    2.40357    0.40070
  782.80000  320.73999  111.52000    2.61000    2.41574    0.39630
  782.90000  317.59000  102.17000    2.56000    2.43697    0.38330
  783.00000  312.03000   93.83000    2.53000    2.46134    0.36330
  783.10000  302.55002   85.32000    2.51000    2.48045    0.34290
  783.20000  292.75000   76.36000    2.48000    2.48831    0.32560
  783.30000  284.67001   68.18000    2.46000    2.48361    0.31160
  783.40000  277.57001   61.68000    2.45000    2.47061    0.30370
  783.50000  275.69000   56.77000    2.45000    2.45743    0.30400
  783.60000  280.76001   53.12000    2.46000    2.43554    0.30860
  783.70000  288.47998   51.29000    2.45000    2.40343    0.31210
  783.80000  298.84000   51.31000    2.42000    2.36021    0.31390
  783.90000  311.70999   52.08000    2.37000    2.31757    0.31760
  784.00000  320.98001   52.61000    2.29000    2.28623    0.32590
  784.10000  324.41998   53.31000    2.20000    2.26463    0.33690
  784.20000  326.78000   54.72000    2.12000    2.25515    0.34560
  784.30000  330.22998   56.77000    2.07000    2.25163    0.34780
  784.40000  333.38000   58.92000    2.07000    2.24836    0.34240
  784.50000  334.27002   61.18000    2.11000    2.24553    0.33340
  784.60000  331.78000   62.99000    2.16000    2.24287    0.32760
  784.70000  327.37003   63.21000    2.20000    2.24395    0.32730
  784.80000  322.95001   61.75000    2.20000    2.25082    0.32740
  784.90000  318.91000   60.36000    2.19000    2.25879    0.32410
  785.00000  315.79999   59.88000    2.18000    2.26648    0.32100
  785.10000  314.03000   59.64000    2.17000    2.27350    0.32050
  785.20000  314.12000   58.85000    2.16000    2.28113    0.31950
  785.30000  315.45999   58.14000    2.15000    2.29435    0.31670
  785.40000  315.44000   58.43000    2.15000    2.31075    0.31550
  785.50000  311.76001   59.55000    2.18000    2.32479    0.31910
  785.60000  307.85999   60.69000    2.24000    2.33076    0.32730
  785.70000  307.55002   61.55000    2.30000    2.32553    0.33570
  785.80000  308.70999   62.07000    2.32000    2.31221    0.34210
  785.90000  308.79001   61.91000    2.31000    2.29625    0.35280
  786.00000  313.73999   61.24000    2.29000    2.27369    0.37510
  786.10000  323.57001   61.06000    2.28000    2.23059    0.40830
  786.20000  333.72000   62.01000    2.27000    2.17374    0.44570
  786.30000  343.32999   64.46000    2.26000    2.11945    0.47850
  786.40000  350.19000   68.27000    2.29000    2.08496    0.50100
  786.50000  353.40002   72.56000    2.28000    2.06655    0.51450
  786.60000  354.97000   74.98000    2.22000    2.03769    0.52570
  786.70000  358.09000   71.83000    2.10000    1.98282    0.53490
  786.80000  365.82999   61.57000    1.97000    1.89184    0.54450
  786.90000  376.16000   48.34000    1.89000    1.77526    0.55730
  787.00000  387.05002   38.66000    1.84000    1.65741    0.56300
  787.10000  396.79001   35.39000    1.81000    1.57077    0.55500
  787.20000  401.75000   36.66000    1.80000    1.53526    0.54180
  787.30000  400.92999   40.10000    1.82000    1.55729    0.52800
  787.40000  392.89999   45.17000    1.89000    1.63513    0.50970
  787.50000  377.74002   51.71000    1.99000    1.75516    0.47910
  787.60000  356.85999   58.44000    2.14000    1.90322    0.43420
  787.70000  334.27002   63.27000    2.32000    2.06207    0.38850
  787.80000  315.76001   65.44000    2.52000    2.22673    0.35050
  787.90000  300.81000   66.69000    2.74000    2.36107    0.31830
  788.00000  287.45999   68.97000    2.83000    2.44512    0.29200
  788.10000  274.53000   71.68000    2.86000    2.48938    0.27530
  788.20000  262.89999   72.52000    2.81000    2.51128    0.26690
  788.30000  253.81000   69.82000    2.75000    2.52636    0.25990
  788.40000  246.81000   64.20000    2.72000    2.52278    0.25140
  788.50000  243.20000   57.54000    2.73000    2.50865    0.24180
  788.60000  243.19000   51.70000    2.78000    2.48415    0.23490
  788.70000  244.37000   47.93000    2.81000    2.46272    0.23510
  788.80000  247.17999   46.23000    2.72000    2.43415    0.24270
  788.90000  253.25999   46.31000    2.57000    2.40156    0.25420
  789.00000  261.28000   48.42000    2.42000    2.37356    0.26610
  789.10000  269.76001   52.26000    2.32000    2.35223    0.27750
  789.20000  279.35001   56.34000    2.27000    2.33881    0.29040
  789.30000  287.13000   58.13000    2.24000    2.32938    0.30950
  789.40000  290.64999   57.11000    2.24000    2.31412    0.33400
  789.50000  292.34000   55.75000    2.24000    2.29246    0.35360
  789.60000  294.57001   57.59000    2.21000    2.26993    0.35450
  789.70000  297.56000   64.16000    2.19000    2.25843    0.33930
  789.80000  295.70001   74.19000    2.20000    2.26243    0.32300
  789.90000  290.17999   83.91000    2.29000    2.29260    0.31580
  790.00000  286.31000   88.81000    2.43000    2.34126    0.31360
  790.10000  284.45001   87.08000    2.53000    2.39158    0.31240
  790.20000  282.56000   80.68000    2.57000    2.42124    0.31060
  790.30000  281.19998   72.16000    2.53000    2.40735    0.30960
  790.40000  283.39999   63.02000    2.43000    2.36736    0.31160
  790.50000  290.01999   54.68000    2.33000    2.32129    0.31810
  790.60000  298.39999   48.54000    2.21000    2.27205    0.32690
  790.70000  306.53000   45.24000    2.10000    2.23008    0.33350
  790.80000  312.35001   43.83000    2.02000    2.19623    0.33690
  790.90000  316.86002   43.33000    1.95000    2.17881    0.33650
  791.00000  323.22998   43.32000    1.92000    2.17436    0.33490
  791.10000  328.67999   43.12000    1.90000    2.17838    0.33670
  791.20000  328.48001   42.12000    1.89000    2.18310    0.34240
  791.30000  325.82001   40.64000    1.91000    2.18070    0.34930
  791.40000  323.42001   39.48000    1.94000    2.17395    0.35630
  791.50000  320.06000   38.84000    1.97000    2.16378    0.35830
  791.60000  316.69000   38.76000    1.99000    2.15805    0.34820
  791.70000  315.63000   40.56000    1.99000    2.16151    0.32930
  791.80000  315.47000   46.27000    1.98000    2.17839    0.31300
  791.90000  313.62000   56.26000    1.99000    2.21114    0.30760
  792.00000  309.23999   68.67000    2.03000    2.25628    0.31130
  792.10000  306.23001   81.08000    2.13000    2.31198    0.31830
  792.20000  305.89999   92.41000    2.27000    2.36483    0.32730
  792.30000  307.66000  102.10000    2.42000    2.40653    0.34100
  792.40000  310.19000  108.90000    2.56000    2.43072    0.35730
  792.50000  312.97000  111.71000    2.67000    2.44171    0.37150
  792.60000  316.64001  111.32000    2.74000    2.44824    0.37930
  792.70000  319.89999  108.82000    2.75000    2.44873    0.37760
  792.80000  319.26001  103.94000    2.71000    2.44768    0.36440
  792.90000  313.82001   95.84000    2.61000    2.43905    0.34040
  793.00000  305.92999   86.44000    2.48000    2.42310    0.31460
  793.10000  297.24002   78.77000    2.37000    2.40688    0.29600
  793.20000  289.84003   74.27000    2.30000    2.39662    0.28560
  793.30000  288.16000   71.72000    2.28000    2.39663    0.27900
  793.40000  290.89999   69.41000    2.28000    2.40040    0.27410
  793.50000  292.19000   66.58000    2.28000    2.39738    0.27300
  793.60000  290.53998   64.48000    2.26000    2.38883    0.27480
  793.70000  287.10999   65.07000    2.23000    2.38420    0.27410
  793.80000  282.48999   68.39000    2.20000    2.39115    0.26880
  793.90000  280.62997   71.16000    2.20000    2.40680    0.26480
  794.00000  282.88000   70.32000    2.22000    2.42000    0.26890
  794.10000  286.26999   66.23000    2.26000    2.41642    0.28060
  794.20000  290.70001   61.35000    2.29000    2.39429    0.29270
  794.30000  296.67001   57.72000    2.29000    2.36165    0.30030
  794.40000  303.79001   56.03000    2.26000    2.33235    0.30350
  794.50000  308.66998   56.61000    2.22000    2.31342    0.30360
  794.60000  307.55002   59.31000    2.19000    2.30883    0.30190
  794.70000  302.10001   62.94000    2.19000    2.31905    0.30120
  794.80000  299.52002   65.19000    2.20000    2.33168    0.30390
  794.90000  301.70001   65.01000    2.23000    2.33745    0.31010
  795.00000  304.13000   62.79000    2.25000    2.33039    0.31590
  795.10000  305.88000   59.93000    2.26000    2.32197    0.31570
  795.20000  306.82001   58.42000    2.28000    2.32216    0.31090
  795.30000  305.37000   59.96000    2.30000    2.33079    0.30660
  795.40000  301.72000   63.52000    2.34000    2.34610    0.30410
  795.50000  296.52002   65.61000    2.36000    2.35945    0.29940
  795.60000  287.70001   63.75000    2.35000    2.36855    0.28920
  795.70000  276.67001   59.15000    2.33000    2.37535    0.27590
  795.80000  269.69000   53.96000    2.32000    2.38265    0.26410
  795.90000  268.42001   49.46000    2.34000    2.38498    0.25590
  796.00000  269.42001   46.28000    2.35000    2.37312    0.25410
  796.10000  274.06000   45.24000    2.32000    2.34543    0.26150
  796.20000  283.95999   46.66000    2.25000    2.31021    0.27760
  796.30000  297.01999   49.88000    2.15000    2.28286    0.29640
  796.40000  308.29999   53.34000    2.09000    2.27268    0.30760
  796.50000  311.78000   56.03000    2.07000    2.28206    0.30610
  796.60000  307.41000   58.01000    2.09000    2.30642    0.29730
  796.70000  301.09000   59.58000    2.12000    2.33449    0.29030
  796.80000  295.29001   60.51000    2.16000    2.35676    0.28710
  796.90000  291.00000   60.63000    2.20000    2.37113    0.28450
  797.00000  290.26001   60.91000    2.23000    2.37761    0.28110
  797.10000  290.22000   61.63000    2.26000    2.38012    0.27840
  797.20000  290.53998   62.26000    2.29000    2.37775    0.27690
  797.30000  291.79001   62.52000    2.30000    2.37060    0.27620
  797.40000  289.73001   62.74000    2.30000    2.36338    0.27680
  797.50000  286.04999   62.75000    2.31000    2.35657    0.28030
  797.60000  286.41000   61.64000    2.33000    2.34869    0.28770
  797.70000  291.73999   58.62000    2.32000    2.33281    0.29970
  797.80000  300.02002   54.55000    2.27000    2.30826    0.31340
  797.90000  308.51999   51.28000    2.20000    2.27929    0.32120
  798.00000  312.28000   50.24000    2.13000    2.25451    0.31930
  798.10000  312.82999   51.56000    2.07000    2.24191    0.31650
  798.20000  314.26999   54.09000    2.04000    2.24342    0.31860
  798.30000  313.67999   56.24000    2.04000    2.25643    0.32080
  798.40000  308.53000   56.83000    2.05000    2.27278    0.31850
  798.50000  300.79001   56.24000    2.08000    2.28639    0.31500
  798.60000  294.72000   55.46000    2.08000    2.29766    0.31230
  798.70000  294.98001   54.64000    2.09000    2.30719    0.30850
  798.80000  299.67001   53.22000    2.10000    2.31103    0.30680
  798.90000  305.54999   50.98000    2.12000    2.30130    0.31230
  799.00000  311.56000   47.89000    2.14000    2.27796    0.32380
  799.10000  316.34000   44.67000    2.12000    2.24812    0.33410
  799.20000  319.47000   42.81000    2.08000    2.22373    0.33560
  799.30000  321.64999   44.10000    2.02000    2.21418    0.32580
  799.40000  321.38998   48.45000    1.97000    2.22406    0.31150
  799.50000  317.63998   54.22000    1.97000    2.25218    0.30190
  799.60000  310.14999   59.13000    2.02000    2.28689    0.29980
  799.70000  301.50000   62.10000    2.11000    2.31695    0.30320
  799.80000  297.01999   62.85000    2.21000    2.33260    0.30930
  799.90000  299.00998   61.93000    2.27000    2.33238    0.31560
  800.00000  304.12003   60.15000    2.28000    2.32287    0.32000
  800.10000  307.03000   58.29000    2.24000    2.30803    0.32060
  800.20000  309.76001   56.95000    2.20000    2.29472    0.31940
  800.30000  313.81000   56.41000    2.19000    2.28401    0.32050
  800.40000  317.10001   56.17000    2.19000    2.27706    0.32430
  800.50000  320.31998   55.77000    2.19000    2.27635    0.32760
  800.60000  320.88998   55.26000    2.19000    2.27910    0.32940
  800.70000  314.94000   55.49000    2.19000    2.28296    0.32860
  800.80000  307.34000   57.26000    2.21000    2.28999    0.32410
  800.90000  302.48001   59.74000    2.20000    2.30261    0.31940
  801.00000  298.48001   60.86000    2.22000    2.31988    0.31960
  801.10000  296.22998   59.24000    2.24000    2.33252    0.32450
  801.20000  296.41000   56.05000    2.26000    2.33193    0.33110
  801.30000  298.50000   53.63000    2.26000    2.32105    0.33530
  801.40000  301.31998   53.72000    2.24000    2.30902    0.33030
  801.50000  303.92001   56.50000    2.22000    2.30754    0.31570
  801.60000  303.34000   60.10000    2.20000    2.32158    0.30040
  801.70000  298.23001   62.78000    2.20000    2.34375    0.29240
  801.80000  292.05002   64.23000    2.20000    2.36610    0.29280
  801.90000  287.69000   64.60000    2.22000    2.37702    0.29980
  802.00000  288.81000   62.91000    2.25000    2.37088    0.31310
  802.10000  294.41998   57.99000    2.24000    2.34048    0.33280
  802.20000  298.81000   50.63000    2.19000    2.29230    0.35220
  802.30000  300.12000   43.93000    2.08000    2.24763    0.35910
  802.40000  302.50000   40.50000    1.98000    2.22275    0.35090
  802.50000  306.92999   40.85000    1.92000    2.22035    0.33750
  802.60000  310.10001   43.65000    1.92000    2.23501    0.32760
  802.70000  312.51999   46.92000    1.99000    2.25656    0.32340
  802.80000  313.44000   48.96000    2.07000    2.27245    0.32300
  802.90000  312.12003   48.93000    2.12000    2.27510    0.32440
  803.00000  312.89001   46.86000    2.13000    2.26395    0.32750
  803.10000  315.72998   43.73000    2.11000    2.24359    0.33090
  803.20000  316.28000   41.27000    2.08000    2.22547    0.33140
  803.30000  315.25000   41.00000    2.04000    2.21643    0.32790
  803.40000  315.62003   42.60000    2.02000    2.21852    0.32240
  803.50000  315.01001   44.29000    2.00000    2.22956    0.31680
  803.60000  309.88000   44.79000    2.01000    2.24323    0.31360
  803.70000  303.62000   44.50000    2.03000    2.25459    0.31440
  803.80000  300.17999   43.86000    2.06000    2.25934    0.31870
  803.90000  300.22000   42.95000    2.08000    2.25555    0.32500
  804.00000  302.84000   41.43000    2.08000    2.24344    0.33090
  804.10000  307.15002   39.06000    2.06000    2.22584    0.33550
  804.20000  313.50000   36.09000    2.02000    2.20572    0.34140
  804.30000  319.19998   33.21000    1.98000    2.18330    0.35030
  804.40000  320.26001   30.58000    1.92000    2.16151    0.35780
  804.50000  320.76999   28.05000    1.88000    2.14165    0.35950
  804.60000  324.10001   25.67000    1.85000    2.12509    0.35850
  804.70000  328.16000   24.46000    1.83000    2.11294    0.35890
  804.80000  328.87000   25.52000    1.82000    2.10484    0.35840
  804.90000  327.22998   28.42000    1.81000    2.10225    0.35350
  805.00000  326.94000   31.61000    1.81000    2.10478    0.34730
  805.10000  326.37997   34.00000    1.82000    2.11616    0.34380
  805.20000  324.23001   36.09000    1.83000    2.13732    0.34180
  805.30000  321.81000   37.90000    1.86000    2.16724    0.34030
  805.40000  319.54001   38.45000    1.91000    2.19706    0.34150
  805.50000  318.35001   37.22000    1.97000    2.21294    0.34760
  805.60000  318.59000   35.79000    2.00000    2.21278    0.35550
  805.70000  319.95999   35.94000    1.99000    2.20431    0.35650
  805.80000  322.42999   37.76000    1.95000    2.19883    0.34780
  805.90000  325.98001   39.68000    1.92000    2.20011    0.33860
  806.00000  330.84000   40.39000    1.90000    2.20013    0.33900
  806.10000  336.10001   39.58000    1.90000    2.19404    0.34900
  806.20000  337.72000   37.63000    1.89000    2.18105    0.35900
  806.30000  335.91998   35.05000    1.87000    2.16697    0.36030
  806.40000  334.25000   32.94000    1.85000    2.16065    0.35210
  806.50000  335.89001   32.20000    1.85000    2.16199    0.34110
  806.60000  338.42999   32.61000    1.84000    2.16615    0.33470
  806.70000  337.54001   32.93000    1.85000    2.16829    0.33490
  806.80000  332.10001   31.97000    1.84000    2.16350    0.33910
  806.90000  324.06998   30.26000    1.83000    2.15569    0.34410
  807.00000  317.32001   29.36000    1.82000    2.14933    0.34700
  807.10000  315.12000   29.51000    1.80000    2.14720    0.34810
  807.20000  315.12000   29.24000    1.79000    2.14819    0.34900
  807.30000  314.70001   27.71000    1.79000    2.14832    0.34930
  807.40000  315.39001   25.92000    1.80000    2.14531    0.34910
  807.50000  317.01999   24.94000    1.80000    2.14078    0.34920
  807.60000  316.39001   24.53000    1.80000    2.13641    0.34860
  807.70000  316.35001   24.13000    1.80000    2.13441    0.34570
  807.80000  318.91000   23.57000    1.79000    2.13370    0.34260
  807.90000  319.64001   23.12000    1.77000    2.13098    0.34160
  808.00000  317.34000   23.43000    1.77000    2.12647    0.34170
  808.10000  316.17999   25.29000    1.77000    2.12142    0.34210
  808.20000  316.78000   28.11000    1.79000    2.11869    0.34540
  808.30000  315.94000   30.18000    1.80000    2.12119    0.35130
  808.40000  313.85001   30.32000    1.81000    2.12744    0.35240
  808.50000  313.73001   29.52000    1.81000    2.13743    0.34290
  808.60000  317.38000   29.38000    1.81000    2.14897    0.33010
  808.70000  321.79001   30.82000    1.82000    2.16230    0.32470
  808.80000  322.77002   34.20000    1.82000    2.18168    0.32770
  808.90000  320.25000   38.67000    1.83000    2.20418    0.33350
  809.00000  318.14999   42.07000    1.85000    2.22367    0.33860
  809.10000  316.04001   43.08000    1.87000    2.23387    0.34120
  809.20000  311.32001   42.68000    1.89000    2.23585    0.34030
  809.30000  307.22000   42.04000    1.91000    2.23350    0.33940
  809.40000  305.25000   40.83000    1.95000    2.22774    0.34500
  809.50000  303.65002   38.19000    1.99000    2.21305    0.35630
  809.60000  304.01001   34.64000    1.98000    2.18920    0.36340
  809.70000  307.28000   31.11000    1.93000    2.16417    0.36010
  809.80000  309.51001   28.39000    1.87000    2.14412    0.35500
  809.90000  307.35001   26.54000    1.83000    2.13387    0.35600
  810.00000  305.63998   25.68000    1.80000    2.13079    0.35960
  810.10000  307.91000   25.78000    1.77000    2.13130    0.35940
  810.20000  312.12003   26.60000    1.76000    2.13452    0.35790
  810.30000  314.63998   26.97000    1.76000    2.13831    0.36000
  810.40000  314.50998   26.15000    1.76000    2.14006    0.36540
  810.50000  314.08002   24.50000    1.76000    2.13974    0.36910
  810.60000  314.79001   23.07000    1.76000    2.13630    0.36760
  810.70000  316.25000   22.34000    1.75000    2.13212    0.36200
  810.80000  318.08002   22.24000    1.73000    2.12857    0.35570
  810.90000  321.33002   22.65000    1.73000    2.12692    0.34990
  811.00000  324.67999   23.93000    1.73000    2.13070    0.34350
  811.10000  325.88000   26.54000    1.74000    2.14030    0.33510
  811.20000  325.07001   30.85000    1.76000    2.15883    0.32460
  811.30000  321.64999   36.19000    1.79000    2.18532    0.31420
  811.40000  316.51999   40.99000    1.84000    2.21673    0.30690
  811.50000  311.17999   43.34000    1.89000    2.24895    0.30430
  811.60000  305.95001   43.40000    1.94000    2.27445    0.30440
  811.70000  299.59000   42.95000    1.98000    2.29206    0.30430
  811.80000  294.50000   42.52000    2.01000    2.30008    0.30350
  811.90000  295.23001   40.44000    2.05000    2.29539    0.30580
  812.00000  300.07001   35.77000    2.09000    2.27508    0.31500
  812.10000  304.79999   29.80000    2.08000    2.23915    0.33200
  812.20000  310.20001   24.90000    2.04000    2.19722    0.35030
  812.30000  317.01999   21.71000    1.97000    2.15940    0.36100
  812.40000  323.39999   19.82000    1.90000    2.13076    0.36440
  812.50000  327.52002   18.85000    1.84000    2.11230    0.36540
  812.60000  328.00000   18.90000    1.79000    2.10285    0.36390
  812.70000  326.09000   19.59000    1.75000    2.10265    0.35880
  812.80000  322.60999   20.64000    1.73000    2.10918    0.35230
  812.90000  319.03000   21.77000    1.72000    2.11768    0.34570
  813.00000  316.98001   22.79000    1.71000    2.12453    0.33960
  813.10000  317.38998   23.28000    1.71000    2.12719    0.33620
  813.20000  319.06000   22.96000    1.71000    2.12726    0.33700
  813.30000  321.28998   22.06000    1.71000    2.12719    0.33970
  813.40000  323.79999   21.36000    1.72000    2.12873    0.33960
  813.50000  323.70999   21.46000    1.72000    2.13415    0.33700
  813.60000  317.98999   22.48000    1.72000    2.14457    0.33600
  813.70000  310.58002   23.74000    1.71000    2.16041    0.33530
  813.80000  307.40002   24.76000    1.71000    2.17646    0.33200
  813.90000  306.48999   25.61000    1.71000    2.18837    0.32740
  814.00000  305.54999   26.02000    1.72000    2.19531    0.32400
  814.10000  304.81998   25.42000    1.73000    2.19852    0.32340
  814.20000  305.64999   23.88000    1.74000    2.19515    0.32580
  814.30000  308.51001   22.55000    1.75000    2.18601    0.32940
  814.40000  311.20001   22.26000    1.75000    2.17605    0.33090
  814.50000  311.45999   22.84000    1.76000    2.17017    0.33010
  814.60000  312.14001   23.61000    1.77000    2.16718    0.32910
  814.70000  315.26001   24.02000    1.80000    2.16345    0.33060
  814.80000  317.31000   23.95000    1.83000    2.15669    0.33600
  814.90000  315.98001   23.95000    1.84000    2.14916    0.34280
  815.00000  314.97998   24.19000    1.82000    2.14496    0.34570
  815.10000  315.34998   24.46000    1.79000    2.14465    0.34250
  815.20000  314.53003   24.54000    1.78000    2.15002    0.33540
  815.30000  311.44000   24.88000    1.77000    2.15990    0.33010
  815.40000  306.20001   25.69000    1.78000    2.16959    0.33070
  815.50000  302.13000   26.25000    1.80000    2.17587    0.33670
  815.60000  301.73001   25.91000    1.81000    2.17360    0.34350
  815.70000  304.64001   24.71000    1.82000    2.16622    0.34840
  815.80000  308.03000   23.22000    1.82000    2.15630    0.35050
  815.90000  309.57001   22.17000    1.83000    2.14321    0.34950
  816.00000  310.17001   22.27000    1.81000    2.13111    0.34750
  816.10000  310.00998   23.22000    1.79000    2.12021    0.34830
  816.20000  311.31000   23.99000    1.77000    2.11290    0.35150
  816.30000  315.30002   23.86000    1.76000    2.10972    0.35170
  816.40000  318.63998   23.11000    1.75000    2.10949    0.34790
  816.50000  320.44998   22.16000    1.73000    2.11197    0.34600
  816.60000  319.98001   21.35000    1.73000    2.11545    0.34850
  816.70000  316.67999   21.29000    1.73000    2.11900    0.35060
  816.80000  313.10001   22.53000    1.74000    2.12271    0.34940
  816.90000  312.16000   24.62000    1.75000    2.12615    0.34760
  817.00000  314.41000   26.10000    1.74000    2.12771    0.34780
  817.10000  316.61002   26.16000    1.74000    2.12643    0.35130
  817.20000  314.30002   25.36000    1.74000    2.12274    0.35760
  817.30000  310.69000   24.58000    1.76000    2.12003    0.36340
  817.40000  308.96002   23.78000    1.78000    2.12028    0.36470
  817.50000  308.34000   22.87000    1.79000    2.12455    0.36080
  817.60000  306.64999   22.37000    1.80000    2.13567    0.35240
  817.70000  305.26999   23.27000    1.81000    2.15357    0.34000
  817.80000  304.95999   25.71000    1.80000    2.16968    0.32700
  817.90000  304.69998   28.75000    1.81000    2.18189    0.31940
  818.00000  303.75000   31.23000    1.82000    2.19226    0.31890
  818.10000  303.45999   32.19000    1.85000    2.20368    0.32260
  818.20000  305.81000   31.38000    1.89000    2.20847    0.32860
  818.30000  307.09000   28.93000    1.92000    2.19894    0.33470
  818.40000  305.63000   25.54000    1.91000    2.17833    0.33610
  818.50000  304.81000   22.32000    1.87000    2.15840    0.33440
  818.60000  306.50998   20.48000    1.82000    2.14662    0.33490
  818.70000  307.89999   20.26000    1.78000    2.14140    0.33510
  818.80000  307.07001   21.20000    1.77000    2.14090    0.33250
  818.90000  306.57001   22.24000    1.76000    2.14326    0.33120
  819.00000  306.31000   22.89000    1.77000    2.14832    0.33270
  819.10000  303.48999   22.90000    1.78000    2.15703    0.33310
  819.20000  300.53000   22.37000    1.81000    2.16396    0.33120
  819.30000  301.03000   21.43000    1.84000    2.16686    0.33130
  819.40000  303.05002   20.72000    1.89000    2.16488    0.33640
  819.50000  302.82001   20.61000    1.94000    2.15770    0.34380
  819.60000  301.75000   21.06000    1.96000    2.14866    0.34840
  819.70000  302.11002   21.60000    1.95000    2.13948    0.34790
  819.80000  304.27002   21.90000    1.90000    2.13224    0.34280
  819.90000  308.01001   21.85000    1.86000    2.12856    0.33610
  820.00000  310.09000   21.42000    1.83000    2.12759    0.33090
  820.10000  309.98001   20.33000    1.81000    2.12936    0.32910
  820.20000  308.59000   18.93000    1.80000    2.13046    0.33120
  820.30000  307.01999   17.92000    1.78000    2.13102    0.33530
  820.40000  307.54001   17.57000    1.77000    2.13075    0.33950
  820.50000  309.16998   17.53000    1.76000    2.13115    0.34320
  820.60000  308.37003   17.79000    1.75000    2.13435    0.34510
  820.70000  305.66998   18.43000    1.74000    2.13735    0.34390
  820.80000  302.13998   19.17000    1.74000    2.14013    0.33980
  820.90000  300.42999   19.10000    1.74000    2.14054    0.33350
  821.00000  301.10001   18.16000    1.75000    2.14167    0.32670
  821.10000  298.75998   17.38000    1.76000    2.14494    0.32170
  821.20000  292.44998   17.53000    1.77000    2.14927    0.31930
  821.30000  285.26001   17.96000    1.78000    2.15539    0.32060
  821.40000  279.98999   17.74000    1.80000    2.15953    0.32520
  821.50000  279.20001   17.20000    1.81000    2.16035    0.33040
  821.60000  284.35001   17.41000    1.81000    2.15773    0.33470
  821.70000  291.92999   18.54000    1.80000    2.15328    0.33850
  821.80000  295.73999   19.81000    1.79000    2.14877    0.33960
  821.90000  296.19000   20.79000    1.76000    2.14527    0.33570
  822.00000  296.48999   21.26000    1.73000    2.14241    0.33090
  822.10000  295.92001   21.06000    1.71000    2.14050    0.32920
  822.20000  294.26001   20.64000    1.71000    2.13988    0.32850
  822.30000  294.36002   20.45000    1.71000    2.13964    0.32580
  822.40000  295.66000   20.20000    1.71000    2.14070    0.32330
  822.50000  295.38000   19.44000    1.70000    2.14184    0.32270
  822.60000  294.48999   18.40000    1.69000    2.14434    0.32290
  822.70000  294.88000   17.81000    1.68000    2.14815    0.32220
  822.80000  295.31000   18.15000    1.67000    2.15109    0.32110
  822.90000  295.39999   19.38000    1.68000    2.15192    0.32200
  823.00000  297.12000   20.70000    1.68000    2.14992    0.32460
  823.10000  298.98001   21.24000    1.69000    2.14757    0.32640
  823.20000  300.69000   21.11000    1.68000    2.14727    0.32620
  823.30000  301.39999   20.94000    1.68000    2.14851    0.32790
  823.40000  300.17001   20.69000    1.67000    2.14886    0.33480
  823.50000  298.48001   20.20000    1.67000    2.14482    0.34380
  823.60000  297.91000   19.79000    1.68000    2.13818    0.34710
  823.70000  298.57001   19.76000    1.68000    2.13101    0.34400
  823.80000  300.37003   19.85000    1.69000    2.12274    0.34140
  823.90000  303.87000   20.05000    1.69000    2.11510    0.34440
  824.00000  307.92999   20.76000    1.71000    2.10800    0.34890
  824.10000  310.10999   21.75000    1.71000    2.10373    0.34840
  824.20000  310.08002   21.79000    1.72000    2.10410    0.34310
  824.30000  308.44000   20.67000    1.71000    2.10559    0.33680
  824.40000  306.38998   19.67000    1.70000    2.10970    0.33080
  824.50000  304.19998   19.88000    1.70000    2.11292    0.32510
  824.60000  302.59000   20.81000    1.70000    2.11532    0.32370
  824.70000  301.76999   21.22000    1.70000    2.11664    0.32530
  824.80000  302.73999   20.92000    1.70000    2.11427    0.32750
  824.90000  306.54001   20.61000    1.70000    2.11464    0.32980
  825.00000  310.28000   20.57000    1.70000    2.11582    0.33220
  825.10000  312.25000   20.60000    1.70000    2.11785    0.33170
  825.20000  314.17001   20.57000    1.70000    2.12058    0.32790
  825.30000  315.69998   20.66000    1.70000    2.12074    0.32520
  825.40000  315.22998   20.70000    1.71000    2.12248    0.32730
  825.50000  313.38000   20.35000    1.73000    2.12235    0.33580
  825.60000  310.48999   19.91000    1.75000    2.12154    0.34820
  825.70000  306.60001   20.15000    1.77000    2.11980    0.35760
  825.80000  303.35999   21.43000    1.78000    2.11761    0.35870
  825.90000  304.17001   22.82000    1.78000    2.11914    0.35260
  826.00000  310.12000   23.22000    1.77000    2.12155    0.34620
  826.10000  315.69998   22.57000    1.77000    2.12372    0.34480
  826.20000  317.03000   21.88000    1.78000    2.12305    0.34670
  826.30000  318.42999   21.63000    1.78000    2.11942    0.34680
  826.40000  320.71002   21.60000    1.77000    2.11489    0.34210
  826.50000  319.70999   21.19000    1.75000    2.11205    0.33600
  826.60000  317.38000   20.26000    1.73000    2.11013    0.33300
  826.70000  314.72000   19.12000    1.72000    2.11034    0.33420
  826.80000  312.36002   18.44000    1.72000    2.11417    0.33740
  826.90000  312.94000   18.50000    1.72000    2.11622    0.33850
  827.00000  313.35001   18.97000    1.72000    2.11708    0.33570
  827.10000  310.22000   18.95000    1.71000    2.11501    0.33140
  827.20000  306.84000   18.29000    1.71000    2.11196    0.33040
  827.30000  305.98999   17.61000    1.70000    2.11267    0.33260
  827.40000  305.96002   17.65000    1.70000    2.11356    0.33820
  827.50000  305.84000   18.57000    1.71000    2.11591    0.34670
  827.60000  305.16000   19.78000    1.73000    2.11773    0.35420
  827.70000  302.91000   20.64000    1.76000    2.11674    0.35550
  827.80000  300.17999   21.26000    1.78000    2.11613    0.35160
  827.90000  299.34000   21.95000    1.77000    2.11377    0.34680
  828.00000  302.00000   22.66000    1.75000    2.11051    0.34150
  828.10000  305.76999   22.93000    1.73000    2.10754    0.33290
  828.20000  307.64001   22.50000    1.73000    2.10378    0.32320
  828.30000  309.04999   21.62000    1.75000    2.10154    0.32050
  828.40000  312.89999   20.89000    1.76000    2.10060    0.32890
  828.50000  317.01001   20.71000    1.78000    2.09858    0.34520
  828.60000  316.76001   21.06000    1.79000    2.09626    0.36130
  828.70000  312.78000   21.18000    1.80000    2.09343    0.36970
  828.80000  311.10001   20.76000    1.81000    2.09284    0.36670
  828.90000  313.59000   20.19000    1.79000    2.09557    0.35610
  829.00000  315.63000   19.68000    1.75000    2.09799    0.34700
  829.10000  316.50000   19.04000    1.73000    2.10179    0.34570
  829.20000  318.37000   18.57000    1.72000    2.10446    0.35290
  829.30000  320.47000   18.86000    1.73000    2.10744    0.36300
  829.40000  320.35001   19.81000    1.74000    2.11223    0.36950
  829.50000  318.30002   20.81000    1.75000    2.11651    0.36970
  829.60000  315.04001   21.63000    1.75000    2.12111    0.36590
  829.70000  311.44000   22.33000    1.75000    2.12554    0.35900
  829.80000  309.12000   22.77000    1.74000    2.12924    0.34860
  829.90000  308.22998   22.96000    1.72000    2.13205    0.33730
  830.00000  308.38000   22.52000    1.72000    2.13325    0.33180
  830.10000  308.97000   21.64000    1.72000    2.13471    0.33270
  830.20000  309.53000   20.81000    1.73000    2.13490    0.33360
  830.30000  310.25000   20.61000    1.75000    2.13412    0.33280
  830.40000  309.95001   20.79000    1.76000    2.13210    0.33400
  830.50000  308.09998   20.86000    1.75000    2.13085    0.33730
  830.60000  306.67001   20.45000    1.74000    2.13201    0.33900
  830.70000  305.95001   20.16000    1.73000    2.13318    0.33970
  830.80000  306.95001   20.39000    1.73000    2.13617    0.34150
  830.90000  308.24002   20.94000    1.73000    2.13823    0.34410
  831.00000  306.95999   20.98000    1.73000    2.13830    0.34640
  831.10000  306.66000   20.20000    1.74000    2.13752    0.34700
  831.20000  309.89999   19.11000    1.76000    2.13451    0.34440
  831.30000  311.60999   18.89000    1.77000    2.13345    0.33900
  831.40000  311.37000   20.49000    1.78000    2.13534    0.33210
  831.50000  312.32999   24.74000    1.78000    2.14255    0.32540
  831.60000  311.39001   32.24000    1.80000    2.16151    0.32110
  831.70000  306.60001   42.23000    1.84000    2.19787    0.31850
  831.80000  299.97998   51.47000    1.93000    2.24916    0.31590
  831.90000  291.91000   56.04000    2.05000    2.30420    0.31470
  832.00000  285.45999   55.01000    2.19000    2.34281    0.31560
  832.10000  280.92001   50.54000    2.30000    2.35617    0.31520
  832.20000  277.54999   44.88000    2.35000    2.34586    0.31470
  832.30000  278.22000   38.77000    2.33000    2.32095    0.31380
  832.40000  283.07001   32.42000    2.25000    2.28706    0.31260
  832.50000  289.76001   26.58000    2.14000    2.24860    0.31360
  832.60000  296.98001   22.50000    2.02000    2.21423    0.31790
  832.70000  303.50000   20.88000    1.89000    2.18819    0.32390
  832.80000  309.39999   21.09000    1.80000    2.17335    0.32870
  832.90000  310.20999   21.84000    1.73000    2.16542    0.33150
  833.00000  306.66000   22.28000    1.70000    2.15928    0.33270
  833.10000  304.86002   22.04000    1.69000    2.15387    0.33290
  833.20000  304.98001   21.28000    1.68000    2.14784    0.33230
  833.30000  306.64999   20.54000    1.68000    2.14419    0.33200
  833.40000  308.25000   20.05000    1.67000    2.14275    0.33380
  833.50000  308.03000   19.48000    1.68000    2.14160    0.33940
  833.60000  307.98999   19.05000    1.69000    2.13863    0.34640
  833.70000  305.83002   19.13000    1.71000    2.13485    0.34970
  833.80000  300.81998   19.62000    1.71000    2.13222    0.34790
  833.90000  297.51001   20.09000    1.70000    2.13237    0.34620
  834.00000  297.45999   20.31000    1.70000    2.13448    0.34590
  834.10000  298.88000   20.37000    1.69000    2.13825    0.34300
  834.20000  300.95999   20.55000    1.70000    2.14367    0.33680
  834.30000  300.03000   20.90000    1.70000    2.14894    0.33020
  834.40000  293.51001   21.25000    1.71000    2.15329    0.32470
  834.50000  286.78998   21.31000    1.73000    2.15533    0.32250
  834.60000  285.39001   20.91000    1.73000    2.15642    0.32550
  834.70000  287.85999   20.18000    1.73000    2.15610    0.33210
  834.80000  292.37000   19.52000    1.73000    2.15309    0.33960
  834.90000  297.92999   19.38000    1.72000    2.14771    0.34470
  835.00000  302.33002   19.68000    1.72000    2.13884    0.34580
  835.10000  303.70001   20.29000    1.71000    2.13096    0.34430
  835.20000  303.10999   20.99000    1.70000    2.12543    0.34300
  835.30000  302.41998   21.27000    1.69000    2.12371    0.34290
  835.40000  301.41998   20.83000    1.67000    2.12576    0.34390
  835.50000  299.72998   20.14000    1.66000    2.12658    0.34510
  835.60000  299.12000   19.86000    1.65000    2.12649    0.34620
  835.70000  299.09000   19.89000    1.65000    2.12482    0.34610
  835.80000  297.03000   20.09000    1.67000    2.12265    0.34420
  835.90000  295.12000   20.76000    1.69000    2.12203    0.34080
  836.00000  296.02002   21.76000    1.72000    2.12138    0.33500
  836.10000  298.60999   22.19000    1.76000    2.12183    0.32910
  836.20000  298.73999   21.74000    1.79000    2.12286    0.32790
  836.30000  296.14001   20.90000    1.81000    2.12254    0.33090
  836.40000  297.03000   20.76000    1.80000    2.12080    0.33250
  836.50000  302.11002   21.78000    1.78000    2.11641    0.33100
  836.60000  305.56000   23.89000    1.76000    2.11250    0.32890
  836.70000  304.32999   26.68000    1.75000    2.11211    0.32740
  836.80000  302.53000   29.92000    1.77000    2.11276    0.32770
  836.90000  303.62000   32.68000    1.79000    2.11792    0.33210
  837.00000  306.19000   33.57000    1.81000    2.12415    0.33900
  837.10000  307.77002   32.31000    1.83000    2.12744    0.34160
  837.20000  307.89999   30.61000    1.84000    2.12267    0.33750
  837.30000  307.55002   29.76000    1.84000    2.11134    0.33040
  837.40000  306.12000   29.93000    1.82000    2.10819    0.31350
  837.50000  301.26001   30.18000    1.78000    2.11555    0.27630
  837.60000  286.76999   29.64000    1.75000    2.14411    0.21300
  837.70000  265.63000   28.24000    1.76000    2.19643    0.14320
  837.80000  244.61002   26.44000    1.83000    2.27213    0.09240
  837.90000  223.39999   24.87000    1.99000    2.36851    0.06360
  838.00000  203.16000   24.45000    2.21000    2.45149    0.05150
  838.10000  189.01999   25.92000    2.46000    2.51487    0.04810
  838.20000  185.20999   29.20000    2.70000    2.56168    0.04800
  838.30000  188.94000   33.72000    2.88000    2.59304    0.05020
  838.40000  193.73000   39.58000    3.05000    2.61752    0.05240
  838.50000  196.98001   47.09000    3.17000    2.62461    0.05310
  838.60000  197.25000   55.42000    3.22000    2.62282    0.05150
  838.70000  194.76999   62.86000    3.20000    2.61619    0.04930
  838.80000  190.51001   68.26000    3.14000    2.60319    0.05000
  838.90000  185.43001   70.96000    3.04000    2.57577    0.05510
  839.00000  183.25999   68.84000    2.93000    2.53159    0.06420
  839.10000  185.05000   60.69000    2.75000    2.46514    0.07660
  839.20000  188.34000   50.44000    2.51000    2.38547    0.09350
  839.30000  193.06999   43.69000    2.25000    2.30896    0.11760
  839.40000  202.70000   41.30000    2.04000    2.24266    0.15110
  839.50000  218.87000   39.98000    1.88000    2.19654    0.19100
  839.60000  237.65001   37.62000    1.78000    2.16729    0.23340
  839.70000  255.49001   35.42000    1.72000    2.14870    0.27060
  839.80000  272.98999   35.13000    1.68000    2.13864    0.29800
  839.90000  290.29999   36.79000    1.66000    2.13402    0.31420
  840.00000  303.47000   39.14000    1.65000    2.13714    0.32110
  840.10000  309.98001   40.75000    1.65000    2.14751    0.32090
  840.20000  310.63998   41.06000    1.65000    2.16442    0.31620
  840.30000  309.23001   39.93000    1.66000    2.18423    0.31250
  840.40000  310.84000   37.99000    1.71000    2.19876    0.31440
  840.50000  313.44000   36.52000    1.75000    2.20250    0.32070
  840.60000  312.09000   36.01000    1.76000    2.19525    0.32720
  840.70000  309.26001   35.82000    1.74000    2.18173    0.33170
  840.80000  309.04001   35.49000    1.70000    2.16904    0.33480
  840.90000  307.97000   35.25000    1.66000    2.16206    0.33680
  841.00000  302.48999   35.21000    1.64000    2.16364    0.33610
  841.10000  298.53000   35.08000    1.64000    2.17470    0.33150
  841.20000  296.57001   35.17000    1.65000    2.19119    0.32350
  841.30000  291.97000   35.95000    1.68000    2.20785    0.31290
  841.40000  287.53000   36.88000    1.72000    2.22074    0.29860
  841.50000  283.75998   37.40000    1.75000    2.22967    0.28070
  841.60000  273.63000   37.81000    1.78000    2.23490    0.26490
  841.70000  257.56000   38.27000    1.83000    2.23765    0.25880
  841.80000  243.52000   38.38000    1.88000    2.24122    0.26290
  841.90000  234.59999   38.19000    1.91000    2.24968    0.27170
  842.00000  230.59000   38.04000    1.95000    2.26795    0.27920
